0 0.8578125 0.22734375 0.071875 0.0484375 0.8390625 0.2421875 1 0.8488342009773293 0.244955761922608 1 0.8588542522090672 0.24661346737770246 1 0.8689864257173102 0.24731237657163058 1 0.878495480405241 0.24374484338966257 1 0.8854951203191105 0.23638587232444802 1 0.8910119456505525 0.22785861882024988 1 0.8910332326293631 0.21770239112848197 1 0.8865574540530343 0.20858554846239544 1 0.8772246397924418 0.20457955394919644 1 0.82753721558108 0.2454328466331373 1 0.8303784045426535 0.23540372015278246 1 
0 0.609375 0.840625 0.046875 0.046875 0.6171875 0.834375 1 0.6228374414736942 0.8430020399091364 1 0.6267597957029196 0.8525394815760865 1 0.6203157835077884 0.860590715213176 1 0.61000403962798 0.8607155927821551 1 0.6004616301982764 0.856805339781913 1 0.5930239961176478 0.8496618633500438 1 0.5889988973712453 0.8401673261663939 1 0.589538118898751 0.8298689332629223 1 0.5951608371792255 0.8212241258394792 1 0.6084448293922698 0.8301241380815181 1 0.6173855382296116 0.82426877144402 1 
0 0.9078125 0.57109375 0.071875 0.0984375 0.8875 0.5390625 1 0.8939785085609007 0.5480680658283552 1 0.9001636705964616 0.5572775750257205 1 0.9059030678058508 0.5667712891953884 1 0.9115289768583116 0.5763326926695622 1 0.9178301240889999 0.5854632366095303 1 0.9232446360380152 0.5951459195753446 1 0.9299455058550867 0.6039872787896939 1 0.9361338977901428 0.6131946179449892 1 0.9437562933542338 0.621255038214865 1 0.8778452301083851 0.5355949232543842 1 0.8864519790942345 0.5294033193008844 1 
0 0.2875 0.02578125 0.0375 0.0515625 0.3 0.0390625 1 0.3015851477406828 0.031093627329401706 1 0.30208839014605254 0.022984227099949628 1 0.301454251606552 0.014884011466232217 1 0.29799385776619636 0.007532732701987943 1 0.29226095345381264 0.0017751782606428624 1 0.2841419280554237 0.0014636472343943386 1 0.27649856565550757 0.004219483990000017 1 0.2716872934491393 0.010766795251596495 1 0.2711030304880794 0.018870761058060237 1 0.30255470669273044 0.04788032738073587 1 0.2948469381305388 0.04634711780052223 1 
0 0.3453125 0.31953125 0.046875 0.0515625 0.35 0.309375 1 0.3570873646171619 0.3174993223930308 1 0.362034919722975 0.32707831242525454 1 0.3586781626925535 0.33732367888044856 1 0.34983289533055645 0.34348781684591384 1 0.33918939675744636 0.34176988504089256 1 0.3306217973283802 0.33522530013537216 1 0.3243991476051491 0.3264210976170022 1 0.3237022533052559 0.31566239463303264 1 0.3267921111751905 0.3053334000108004 1 0.3414914484536012 0.30697680714358244 1 0.3494207197604017 0.3000595980298842 1 
0 0.6921875 0.18046875 0.0375 0.0546875 0.7 0.1796875 1 0.6979065257005367 0.1695897268985936 1 0.6935034649000016 0.16026445414993953 1 0.683220502240259 0.1594844956969814 1 0.6759950735864371 0.1668425414306344 1 0.676437208364262 0.1771455590996592 1 0.6782622863932175 0.18729527566901347 1 0.6850115111400303 0.19509243037871424 1 0.693221023775213 0.20133354875147208 1 0.7027089910317513 0.20537410980024456 1 0.7080904387739346 0.1876777412661901 1 0.6973971248428212 0.18989468332520326 1 
0 0.946875 0.3765625 0.05 0.046875 0.9625 0.3671875 1 0.9610181176963781 0.3758111027759987 1 0.9575475396260791 0.38384338687567787 1 0.9530366675351931 0.39134102203482424 1 0.9464408571405011 0.3970906120408396 1 0.9376958450633927 0.39738601646062427 1 0.9296212923495453 0.3940149486073618 1 0.9246451289607822 0.38681770622375866 1 0.9232072784603671 0.378186652641579 1 0.924967704028173 0.36961557325679817 1 0.9593496351976327 0.36032189548317956 1 0.968188919295858 0.3618408405253031 1 
0 0.33125 0.96015625 0.040625 0.0453125 0.325 0.9453125 1 0.33293414296062357 0.9460543571580079 1 0.3402023112252341 0.9493215741143499 1 0.34616922817514006 0.9546033236990448 1 0.34802579596829075 0.9623527838474638 1 0.3462829428972135 0.9701286079025164 1 0.34180936686601865 0.9767231582325708 1 0.33466654905006343 0.9802560225394149 1 0.32688803022216023 0.9819868088943574 1 0.3190330320123358 0.9806451756784019 1 0.3175753568337246 0.9497483475593638 1 0.3183909645819341 0.9410254439596141 1 
0 0.06796875 0.378125 0.1171875 0.059375 0.1046875 0.3640625 1 0.09392034270664781 0.368688235118088 1 0.0837978769546729 0.3745928763995373 1 0.0739388940759253 0.38092766591135707 1 0.06365558711843075 0.3865475146264422 1 0.053481084116506705 0.3923620301029319 1 0.04331624526770254 0.3981934238248771 1 0.03211443977781518 0.40163561140390724 1 0.02085234436129363 0.4048751033998325 1 0.009429553575587103 0.4074921536913779 1 0.11448188278878506 0.35493041288132937 1 0.11919536082641324 0.36590180621326773 1 
0 0.7359375 0.4109375 0.028125 0.08125 0.7390625 0.4359375 1 0.7362667328609502 0.4268255072066145 1 0.7330728979651195 0.4178452986778177 1 0.7293173236979269 0.4090851395190981 1 0.7258130983781064 0.40022144212633765 1 0.723354774906116 0.39101267607058615 1 0.7249490007357116 0.3816156993989778 1 0.7307116870447815 0.37402385027865426 1 0.7400693691419368 0.37221318401148096 1 0.7491818976058411 0.375007204690902 1 0.7466947115043874 0.44326157796403753 1 0.7373056386914143 0.4461423595704179 1 
0 0.19609375 0.0046875 0.0078125 0.009375 0.25 0.0 0 0.23979025728804682 0.0 0 0.2290845218558067 0.0 0 0.2174040389481874 0.0 0 0.2054586879206261 0.0 0 0.1956510355498034 0.0 0 0.18987884570007316 0.0 0 0.187465167405582 0.0 0 0.19234808021891672 0.0 1 0.19927120367791382 0.009053779765937086 1 0.26334904818538474 0.0 0 0.25699266317154723 0.0 0 
0 0.0359375 0.99609375 0.028125 0.0046875 0.0 0.9984375 0 0.0 0.9984375 0 0.0 0.9984375 0 0.00025277378481078914 0.9984375 0 0.004636998775279099 0.9984375 0 0.012391632130111274 0.9984375 0 0.021104595148483885 0.9984375 0 0.030839972805129113 0.9984182616145885 1 0.040778772273681076 0.9973136055034338 1 0.050433363456948446 0.9947080596711799 1 0.0 0.9984375 0 0.0 0.9984375 0 
0 0.86953125 0.21328125 0.0578125 0.0921875 0.8607149777338521 0.17831248568784738 1 0.8714963452422225 0.18092656367290305 1 0.8812256412292481 0.18625686278827627 1 0.888548165297481 0.19459064526279815 1 0.8940458092983323 0.20422637043023645 1 0.895376941465814 0.2152399700332362 1 0.895153286119821 0.22633146530433054 1 0.8934371351408377 0.23729167127319056 1 0.8939717155270479 0.2483725337339009 1 0.8949118859505605 0.2594263732766685 1 0.8504866580180245 0.18217586722985013 1 0.8529558929205242 0.1719918830103512 1 
0 0.01953125 0.96796875 0.0390625 0.0609375 0.006330618280959222 0.9844868397160911 1 0.0015476816713300811 0.9751745766210765 1 0.0 0.9652561485886105 0 0.0 0.9548131650576183 1 0.004259241810008696 0.9458011143900036 1 0.01333448550177394 0.9405824288756642 1 0.023767048318701533 0.941452118264676 1 0.032743764866848137 0.9468385165582236 1 0.036999912547474166 0.9564030308419287 1 0.03278501216366889 0.9659857935603255 1 0.017132356996818476 0.9905632409037253 1 0.007284647365664809 0.9956211919555011 1 
0 0.67578125 0.1421875 0.0484375 0.0625 0.6597277438237387 0.12671851552908206 1 0.6600233203636259 0.1356198594484893 1 0.660631202139861 0.14450534023506587 1 0.6620916864484538 0.15329102601631564 1 0.6657177226963527 0.16142571409831513 1 0.6720685103794851 0.16766981410282117 0 0.680749256623167 0.16966127932102212 1 0.689503449859258 0.16802256340675342 1 0.6960025274757972 0.16193295921627437 0 0.6976510544489243 0.15318060822460522 1 0.6555363693333194 0.11883338182212728 1 0.6645994278088077 0.11853243541569311 1 
0 0.3 0.0109375 0.028125 0.021875 0.2961797530377409 0.00875475599973916 0 0.29145502200152185 0.001953578293055691 0 0.2885890554336695 0.0 0 0.29291017201634817 0.0 0 0.30118984104586993 0.0 0 0.3089182915717138 0.0 0 0.31105001872361443 0.0 0 0.30970488291949244 0.0061061346762264716 1 0.3024109329010086 0.010027536809438487 0 0.2950454646502224 0.006242173021219344 0 0.3046115096512098 0.012653913161796515 1 0.2976444222736766 0.017493900496980096 0 
