0 0.371875 0.46328125 0.0375 0.0515625 0.38125 0.4578125 1 0.38386364281379143 0.46843312980674484 1 0.38443551876402704 0.47935566907870636 1 0.37515033843978896 0.48513618225630417 1 0.3648028229224517 0.48159247955031076 1 0.3573618877983727 0.47357615927669106 1 0.3559141110004158 0.4627349024956118 1 0.3613590369300898 0.45324903469817945 1 0.3698937924679563 0.4464089430205148 1 0.37678863862747897 0.4379183598434583 1 0.374868417338252 0.45123386447061103 1 0.3852539471916751 0.4486780776705121 1 
0 0.22265625 0.7890625 0.0296875 0.071875 0.2265625 0.8109375 1 0.222465066019516 0.8041028814050764 1 0.21859324598119145 0.7971379703393607 1 0.21453984173344992 0.7902771474610982 1 0.2117369517930113 0.7828176042750654 1 0.21021317735732348 0.7749958980653153 1 0.21167912324818064 0.7671631476411298 1 0.21672417743127514 0.7609948087357079 1 0.22265893769028886 0.7556769522849816 1 0.2303520111596152 0.7535990694302358 1 0.23523252926175492 0.8171772206500381 1 0.22798613073017848 0.8215215215304801 1 
0 0.8265625 0.69609375 0.040625 0.0390625 0.8328125 0.684375 1 0.8243519735926659 0.6858823261005182 1 0.815794475250903 0.686670844453649 1 0.8109872112681555 0.6937942391543995 1 0.808857162334266 0.7021198280585994 1 0.8129267306174544 0.7096889200154306 1 0.8205283374469587 0.7136974250574796 1 0.8288913091512086 0.7117192331212873 1 0.8350352611558772 0.7057105400165574 1 0.83854721142733 0.6978671514406074 1 0.8416464687792189 0.6803341848633039 1 0.843075284529017 0.688354037619934 1 
0 0.19140625 0.14140625 0.0296875 0.0390625 0.1875 0.146875 1 0.18363302354687286 0.13955205013853977 1 0.1802267972878255 0.1320037573358806 1 0.18512907775582632 0.1253294223296378 1 0.1932948672890546 0.1267074582005496 1 0.19985128390782286 0.13176636150893958 1 0.20340177789684205 0.13924787833351726 1 0.20325022594651748 0.14752774147060188 1 0.198857541635483 0.15454795700191512 1 0.1924784821527443 0.15982874308716621 1 0.19551399353318252 0.1523439498883242 1 0.18837627729075057 0.1561131113820892 1 
0 0.01015625 0.965625 0.0203125 0.065625 0.017475930475115864 0.9984375 0 0.01067411284393165 0.9957945650257225 1 0.003704081744328258 0.9886238839931731 1 0.0 0.980884835094044 0 0.0 0.9725739204057966 0 0.0 0.9634619353232375 0 0.0 0.9534814935442066 0 0.0 0.9443776043318325 0 0.0 0.9372942431702358 1 0.009153158612553747 0.9346414434718587 1 0.028810601478234842 0.9984375 0 0.021735839707279946 0.9984375 0 
0 0.9671875 0.9953125 0.04375 0.00625 0.9611154694797603 0.9984375 0 0.9708984373665975 0.9984375 0 0.9806859161895967 0.9984375 0 0.9876854335300795 0.9984375 0 0.9904796022226403 0.9984375 0 0.9863592926225268 0.9984375 0 0.9782262255203038 0.9984375 0 0.9684157332704197 0.9984375 0 0.95909512301393 0.9984375 0 0.9531237128547175 0.9984375 0 0.9526382133537912 0.9984375 0 0.9515139498991889 0.9965099287353931 1 
0 0.4953125 0.98984375 0.025 0.0171875 0.4875 0.9984375 0 0.4821857414141523 0.9984375 0 0.4801055569366371 0.9984375 0 0.4866449732345304 0.9984375 0 0.497790861665825 0.9984375 0 0.5066842494730116 0.9984375 0 0.5100570211754786 0.9984375 0 0.508887952474592 0.9984375 0 0.5029890871199878 0.9917825037060795 1 0.49620218092460194 0.9828103019531632 1 0.4886216338521587 0.9897632973474476 1 0.4986283571893481 0.9951263379908294 1 
0 0.7984375 0.70078125 0.084375 0.0296875 0.767992849483499 0.7029305283451702 1 0.7741129314987609 0.6968975245171449 1 0.7812396963476357 0.6920952581926536 1 0.789692530305974 0.6905453752502146 1 0.7982338158142543 0.6914935212983213 1 0.8067849519957162 0.6923482780289717 0 0.8150163844212879 0.6948172979328501 0 0.823577209902637 0.6955688337872061 1 0.8321628993477127 0.6951967104001218 1 0.8407166963409882 0.6943690051021261 1 0.7673751618302961 0.7103924025296884 1 0.7612111654015105 0.7041394372140178 1 
0 0.35078125 0.4984375 0.0765625 0.040625 0.37640070757128247 0.493395260409266 1 0.371735867983758 0.5009821280557434 1 0.366604752113221 0.5082617529764122 1 0.3592179241248385 0.5132372993114943 1 0.35052508283620576 0.5151752878029829 1 0.3416198262030895 0.5150422714098661 1 0.3331449890866903 0.5123039462076662 1 0.32540727034407024 0.5078938444262323 1 0.31952164548822914 0.5012094813960846 1 0.31363732883132445 0.4945239667155402 1 0.3780887387323305 0.48477696429975836 0 0.3862716478105951 0.4898082842051643 1 
0 0.22890625 0.79609375 0.0421875 0.0828125 0.237629457113761 0.8253885311252042 1 0.23133529925902668 0.8188683713764183 0 0.2246099167401626 0.8127939877677747 0 0.2186617036411435 0.805956761197106 0 0.21336574110416667 0.7986027359689103 1 0.21158329673956539 0.7897172535207199 0 0.21118277537517144 0.7806636084599357 0 0.21306575290303137 0.7717988861360512 0 0.2135969563077648 0.7627519679208355 0 0.2137901533355647 0.7536915274702587 1 0.2459607019620708 0.8279385372476111 1 0.23985410725741088 0.83383346505719 1 
