0 0.8859375 0.65 0.046875 0.0375 0.89375 0.6515625 1 0.8850017658200375 0.6575923444202596 1 0.8748227799084539 0.6606384683198707 1 0.8659799419975384 0.6547482354992367 1 0.866561235841956 0.6441391487116549 1 0.8749306204309875 0.6375936138518529 1 0.8848388704713391 0.633757312750809 1 0.8946887986704096 0.6377409718066465 1 0.9012878343573181 0.6460682374444718 1 0.9074113843539966 0.65475113790677 0 0.8986107404723184 0.6439830524488052 1 0.9042212280170355 0.6521228742226539 1 
0 0.725 0.734375 0.040625 0.075 0.734375 0.7109375 1 0.7300191925013666 0.7185262707196125 1 0.7263263668056296 0.7264588326248803 1 0.7268819386212682 0.7351911770957351 1 0.7283142156381082 0.7438231573173895 1 0.7292764075044843 0.7525200928013562 1 0.7275387304053342 0.7610958130800902 1 0.7212248495741412 0.7671536517086353 1 0.7129024353728567 0.7698554884657798 1 0.7041686562235728 0.7693229457242696 1 0.7346995185016791 0.7033074630860073 1 0.7424547275299668 0.7077588029521049 1 
0 0.62890625 0.36015625 0.0390625 0.0390625 0.6359375 0.35625 1 0.6317811598542649 0.36500057100096617 1 0.6261568599272208 0.3728882136513817 1 0.616533163148472 0.37177820619163227 1 0.6124163988012079 0.36300894695500946 1 0.6155026253509933 0.3538261988950114 1 0.621925968249502 0.346574418268284 1 0.631213441748753 0.34381933346909743 1 0.6404628114033435 0.3466997530987245 1 0.6490477732379984 0.3511881923093541 1 0.6356975970287395 0.34711510699611703 1 0.6447633412687638 0.3514211479083752 1 
0 0.04765625 0.175 0.0578125 0.103125 0.028125 0.2078125 1 0.02538879896143509 0.19641766321139015 1 0.025050173662549247 0.18470380669573083 1 0.02823983719114902 0.17342749754172035 1 0.03441153554541705 0.16346560811318195 1 0.04288698572239511 0.1553726577327544 1 0.05197857871517717 0.1479786034716541 1 0.06183163536267746 0.14163460029829028 1 0.0703107716459717 0.13354551200282566 1 0.07527025428892267 0.1229279495011604 1 0.03689924016147681 0.21641093922242124 1 0.024445136548842995 0.21940149818096172 1 
0 0.6625 0.41328125 0.0375 0.0296875 0.659375 0.40625 1 0.6674513695649 0.40713762585088364 1 0.6749874957851025 0.41017447069268514 1 0.6762860187203082 0.4181950357093623 1 0.6705007086667872 0.4238999294493568 1 0.6628230843716204 0.4265588221102711 1 0.6547805342546906 0.4254042604546321 1 0.6496526568734315 0.41910184039859233 1 0.6471870045691375 0.4113599941256204 1 0.6459497218643674 0.4033297539979233 1 0.652620068302139 0.41039512666016015 1 0.6534950830966849 0.40243350313548304 1 
0 0.65859375 0.9546875 0.0484375 0.05625 0.64375 0.9453125 1 0.6418308363025199 0.9571896961028171 1 0.6442525453932229 0.9689746993545141 1 0.6517956517352075 0.9783476670422857 1 0.6637223273982837 0.9799305075870922 1 0.6743545397193245 0.974299607328447 1 0.6794205667262251 0.9633869382265337 1 0.6792615490969302 0.9513567391443873 1 0.6736807284273667 0.9406981549411888 1 0.6696052155173011 0.9293782092221322 1 0.6410261992235444 0.9345001874789569 1 0.6523867281030855 0.9363358660701875 1 
0 0.00703125 0.55 0.0140625 0.021875 0.00039598534102298634 0.546875 1 0.0 0.5393398001419276 0 0.0 0.532634449838328 0 0.0 0.5275444270762266 0 0.0 0.5235965465731279 0 0.0 0.5225338165149501 0 0.0 0.5246780028276945 0 0.0 0.5297648447374131 0 0.0 0.5347716938814366 0 0.0 0.539268380929399 0 0.009474719613545313 0.5504406773360948 1 0.0025045205978238448 0.5565219799905048 1 
0 0.978125 0.2734375 0.040625 0.065625 0.9707278001252853 0.2625 1 0.9723650113766551 0.27441933370121363 1 0.976794163599472 0.28560564619236173 1 0.9828548247631377 0.2959988825902185 1 0.9923749675403537 0.3033553666732517 1 0.9984375 0.3056839249911447 0 0.9984375 0.30432454310974955 0 0.9984375 0.29851326176663956 0 0.9984375 0.29084434116724744 0 0.9984375 0.2803449366076557 0 0.9632311735019135 0.2537468231700156 1 0.97628382791733 0.25195394168814333 1 
0 0.0078125 0.771875 0.015625 0.034375 0.0 0.7765625 0 0.0 0.7806861719398311 0 0.004443936404488968 0.7831569035430354 1 0.011331374164145336 0.7780172790266568 1 0.012267582227952012 0.7694746767578067 1 0.009015195448214941 0.7615201485318532 1 0.0017067797291328902 0.7569991310866785 1 0.0 0.7566444434333458 0 0.0 0.7590474097759385 0 0.0 0.7648158711670436 0 0.0 0.7779642570166188 0 0.0 0.7698564978854444 0 
0 0.9875 0.0578125 0.021875 0.071875 0.9984375 0.03952273727767015 1 0.9984375 0.04589920109308654 0 0.9984375 0.053415357998055704 0 0.9984375 0.06282121682929594 0 0.9984375 0.07447053968925828 0 0.9984375 0.08451072173082727 0 0.9984375 0.09243459016456716 0 0.9984375 0.0919420535685608 0 0.9903398355438308 0.08682989118803283 1 0.9841153007923527 0.0763518034150829 1 0.9850408704758669 0.03851402092993857 1 0.9915060878914661 0.027983123541433997 1 
0 0.02109375 0.98046875 0.0421875 0.0359375 0.028125 0.9872358549855782 1 0.020735905677771838 0.9924827770687823 1 0.01266522538849586 0.996605036876011 1 0.003604550192025302 0.9967868918568698 1 0.0 0.9922056932433089 0 0.0 0.9841682419425419 0 0.0 0.9751609396987986 0 0.0 0.9676929709450726 0 0.006336728083555954 0.9648511957918215 1 0.015378005946336615 0.96423135641102 1 0.032867475700948987 0.9785814335199232 1 0.038421549604332486 0.98640308120097 1 
0 0.86796875 0.0125 0.0359375 0.025 0.878125 0.011286520359536945 1 0.8769348083167772 0.003249165772535889 1 0.8748414444779751 0.0 0 0.8683426296587282 0.0 0 0.8604688321683787 0.0 0 0.8539858001823258 0.0 0 0.8519473110690932 0.0012798265076330085 1 0.8546841424603979 0.008930014671042374 1 0.8591067636768772 0.01574588193614863 1 0.8664901030339722 0.019137330732455382 1 0.8837140162604913 0.018551574615547083 1 0.8755739800535466 0.019756971651321443 1 
0 0.75078125 0.98203125 0.0765625 0.0328125 0.7265625 0.9984375 0 0.7219923311350528 0.9916170639085495 1 0.7207864213625783 0.9805890509105906 1 0.72797337194304 0.9721380728360419 1 0.7387543387410596 0.9695223427348081 1 0.7497333946695985 0.9711134492618865 1 0.7599619801973783 0.9754084844379236 1 0.7698962279410659 0.9803462988157161 1 0.7794675307720016 0.9859553496428191 1 0.7902741121641973 0.9884631549933894 1 0.7355751305665683 0.9984375 0 0.7252387125155221 0.9984375 0 
0 0.6234375 0.3328125 0.040625 0.046875 0.635978464989657 0.33997491793836343 0 0.6379074955381888 0.32952649862524097 1 0.6378822288846104 0.3189015286678144 1 0.628649057137242 0.3136442323585319 1 0.6180553298603535 0.3128296359045074 1 0.609762914113481 0.31947241138475835 1 0.6060952662606504 0.3294443211430557 1 0.609197120871403 0.33960646279596296 1 0.6156119804993818 0.34807642152982504 0 0.624511036647474 0.35388136982185175 1 0.6401179928687043 0.3514741834423532 0 0.6292942827262811 0.34947586514295603 1 
0 0.7109375 0.98671875 0.0375 0.0234375 0.7115425682144288 0.9984375 0 0.7043415913207691 0.9969251842395679 1 0.6978943467705246 0.9907807292782355 1 0.6990015377587725 0.9819435681289725 1 0.7062704264562958 0.9767972542864714 1 0.7151756371582566 0.9769333109518055 0 0.7228575377383882 0.9814399385755918 0 0.7273970149340444 0.9891024731335966 0 0.7273371799511363 0.9980085221362307 0 0.725063580128487 0.9984375 0 0.7205444845082445 0.9984375 0 0.7156173705477824 0.9984375 0 
0 0.946875 0.26796875 0.040625 0.0515625 0.9403649820592535 0.25859199430126545 1 0.9358745517497102 0.26804877822592166 1 0.9324080247019506 0.2779269317370618 1 0.9373714302894884 0.28714427037335477 1 0.9470968125429199 0.29101875957673873 1 0.9571314075240714 0.28803519960134877 1 0.9634102565948461 0.27965839944204385 1 0.9646849117280061 0.2692675389938418 0 0.9603356054287371 0.259745025603059 1 0.9532210955266847 0.25206528111407384 1 0.9408561234098329 0.2492639119876768 1 0.9503980862304269 0.25379478838323627 1 
0 0.8484375 0.02890625 0.01875 0.0578125 0.8550891145640911 0.0 0 0.8538023222020152 0.0 0 0.8531333886021318 0.007025040509883418 0 0.8523645610731286 0.015113583594434977 1 0.8538689604827896 0.02309809406259842 1 0.8536676159044788 0.031220598932451372 1 0.8539876990404967 0.039339291671189346 1 0.8520268879726979 0.04722414074751276 1 0.8463991595222204 0.05308454154333599 1 0.8386204015344495 0.05543114529507818 1 0.8531721251555002 0.0 0 0.8608532863554661 0.0 0 
0 0.0375 0.9703125 0.040625 0.05625 0.04590712000533763 0.9568951372907378 1 0.04178176092211041 0.9649642338129288 1 0.03580764474445182 0.9717788388745474 1 0.0307500601546034 0.9792987952817699 0 0.02476811088426435 0.9861065253863709 0 0.021249602348113805 0.9944581122973138 0 0.021610166154300524 0.9984375 0 0.02407235707134987 0.9984375 0 0.03280450825620512 0.9984375 0 0.04142402564053116 0.9984375 0 0.0468284664908067 0.9478305162304406 1 0.05528071929298099 0.9521517655518842 1 
0 0.00859375 0.771875 0.0171875 0.015625 0.0028678774805076745 0.7710335278115588 1 0.0 0.7704397371804707 0 0.0 0.769616051966383 0 0.0 0.769114720335201 0 0.0 0.7676841592297955 0 0.0 0.7632342016841256 0 0.0 0.7568276939591432 0 0.0 0.7486236559713382 0 0.0 0.74010143223877 0 0.0 0.736893281632481 0 0.010666714775703846 0.7667309776006668 0 0.010021147923203655 0.77656252009315 0 
0 0.8984375 0.63203125 0.078125 0.0984375 0.9191955148663113 0.6642735249403107 1 0.9108026296743891 0.656549405753134 1 0.9024775464097459 0.6487522570627948 0 0.8957228970648072 0.6395611063573923 0 0.8890378064693708 0.6303192395117108 1 0.8827202049031897 0.6208223742650367 1 0.8792379442015829 0.6099606801306696 1 0.8737361273553764 0.5999690561158612 1 0.8682184305436129 0.5899861927512771 1 0.859016183431369 0.5832466684989505 1 0.9323471461968934 0.6673903236475167 1 0.9244021415781655 0.6760232188681108 1 
