0 0.9296875 0.4453125 0.075 0.053125 0.9546875 0.459375 1 0.9482155350786373 0.45372113325951596 1 0.9427570458474059 0.4470835558117544 1 0.936137532054724 0.44160317478385186 1 0.9298489253866553 0.43574604534727446 1 0.9236767909721658 0.42976630489872863 1 0.9169146417141019 0.42446292140569664 1 0.9090655892788708 0.4209636479194576 1 0.9005587849891576 0.4197442956983931 1 0.8922768888626986 0.42203836100109166 1 0.9645560747393054 0.4624067025443406 1 0.9595870470478205 0.46809473418511044 1 
0 0.37734375 0.7890625 0.0546875 0.05625 0.3671875 0.809375 1 0.377357289455143 0.8110846896467085 1 0.38765576532703233 0.8105470550439217 1 0.3954582598181676 0.8038040041049325 1 0.40029160183305545 0.7946943135933333 1 0.39979998968498237 0.784393538197963 1 0.395160070833185 0.775183825428352 1 0.3871687646449229 0.7686656445735855 1 0.3778105385991545 0.7643330631806626 1 0.36760867937395303 0.7628265026610778 1 0.3586530566894798 0.8129502194092051 1 0.360286820793293 0.8032320597495627 1 
0 0.25546875 0.5015625 0.0390625 0.04375 0.2671875 0.503125 1 0.265908310984597 0.49446900927317544 1 0.262616115986284 0.48636197824492083 1 0.25452047838232994 0.48304186502615193 1 0.24650566910359034 0.4865526102782928 1 0.24007203558389945 0.49248311276411216 1 0.23987280311563083 0.5012308442656838 1 0.24052838758620707 0.5099562502162364 1 0.24487231723206362 0.517551826246522 1 0.25065021714700375 0.5241228514764945 0 0.272970278414174 0.5113978327635327 1 0.2643913205407931 0.5126656378041765 1 
0 0.91875 0.05234375 0.059375 0.0734375 0.9078125 0.0296875 1 0.9183950034081478 0.025028956465102104 1 0.9299372605983345 0.02571284622638208 1 0.9400754732872201 0.03127234707851985 1 0.9451535168678733 0.04166007443550161 1 0.9457053413075815 0.05320939891954572 1 0.9429293185576805 0.06443370753709683 1 0.9360759587490944 0.07374621877650256 0 0.9262237847479504 0.07979816670268143 1 0.9183161773998029 0.0882338736841692 1 0.9006540730131791 0.039335868744258075 1 0.8962757772372496 0.02938998552484371 1 
0 0.58828125 0.65078125 0.0484375 0.0359375 0.6 0.640625 1 0.5920748154190731 0.6382228028971922 1 0.5839544880446506 0.6365981845128618 1 0.5757122728666838 0.6374012975326752 1 0.5688811070591808 0.6420825660864864 1 0.5663014235155897 0.6499517677218128 1 0.5676943717812117 0.6581150266722444 1 0.5733435606634373 0.6641702530540933 1 0.5812495666665444 0.6666348363132539 1 0.589339749293851 0.6648662078561365 1 0.6086816715759843 0.6392759486405881 1 0.6063143190098412 0.6470861762163714 1 
0 0.7109375 0.9453125 0.03125 0.10625 0.7109375 0.9859375 1 0.7166921470774993 0.9766362665730061 1 0.7202127036901411 0.9662808531390971 1 0.721440758834858 0.9554125144062671 1 0.7194859741244704 0.9446511147302938 1 0.717209741614991 0.9339530928658186 1 0.7136098393938554 0.923624994771384 1 0.7096031916292891 0.9134477810102067 1 0.7073023450540282 0.9027550259261738 1 0.7076349599199291 0.891822584588532 1 0.7117939134811867 0.9975336139256434 1 0.701787868697853 0.9913429020354734 1 
0 0.5671875 0.171875 0.0375 0.0375 0.56875 0.1796875 1 0.5612009008693529 0.1752632935948169 1 0.5546692203072278 0.16944095308310198 1 0.5566375953332696 0.16091522732180433 1 0.5645275930111701 0.1571323135450014 1 0.572719740081527 0.1602065982386564 1 0.5786601980392287 0.16663104056875627 1 0.5820954933817226 0.17467847779496937 1 0.5844127151679961 0.18311607124293897 1 0.5803020932980789 0.19084040214228287 1 0.5777983749599285 0.17989566436649726 1 0.5732584281773756 0.18764225328450135 1 
0 0.55859375 0.30546875 0.0609375 0.0484375 0.5609375 0.29375 1 0.5707848294909982 0.2973031434615304 1 0.5799391511812146 0.30238183630069015 1 0.5801411143234069 0.312848637982756 1 0.5744829447239158 0.32165658004352676 1 0.5655396285852965 0.32709825469451537 1 0.5550961037079695 0.3278245567660755 1 0.5452075711013723 0.3243877487337926 1 0.5358080863556489 0.3197785825318194 1 0.5275218750862932 0.3133806586996607 1 0.5519665284246872 0.2963977770280562 1 0.5555594523589147 0.2864401982813788 1 
0 0.74921875 0.459375 0.0328125 0.0375 0.75 0.453125 1 0.7429827188976427 0.45808587744184426 1 0.737186154278737 0.4644303535968432 1 0.7389311766134502 0.4728450690474008 1 0.747286750941826 0.4748542770270506 1 0.7552824695253035 0.47170451141730557 1 0.7615724429873015 0.4658488498056805 1 0.7625408123888417 0.4573098334826688 1 0.7612110159326019 0.44881959317703124 1 0.7568665436188349 0.44140487137662554 1 0.7546812796346162 0.4451543938422324 1 0.759863264177992 0.4524844362863812 1 
0 0.625 0.01328125 0.028125 0.0265625 0.621875 0.01643269313689515 1 0.6280475579376403 0.011643676039778783 1 0.633496924161892 0.006045500979637686 1 0.6374563610259488 0.0 1 0.6384065376304582 0.0 0 0.635615060727155 0.0 0 0.6287881605837287 0.0 0 0.6210008979514093 0.0 0 0.6140526420233406 0.0 0 0.610022969145467 0.0 0 0.6211987173380438 0.023746923137939933 1 0.6164222040321518 0.017590481320623817 1 
0 0.00859375 0.721875 0.0171875 0.00625 0.0 0.6421875 0 0.0 0.6539436105287912 0 0.0 0.6657869875703435 0 0.0 0.6775923178254024 0 0.0 0.6893916984494273 0 0.0 0.7006583266407314 0 0.0 0.7115262154531246 0 0.0 0.7194687944610629 0 0.006734291617325483 0.72349005996912 1 0.01840387716184071 0.7212908787080045 1 0.0 0.632158283561541 0 0.0 0.6304461081525383 0 
0 0.98671875 0.78359375 0.0234375 0.0453125 0.9949534006559817 0.790625 1 0.9984375 0.7831514509062788 0 0.9984375 0.7748138182444717 0 0.9984375 0.7660871060961445 0 0.9923698130979097 0.7644553867642825 1 0.9836763421839503 0.7693974069451539 1 0.9779986775030078 0.7776293036749956 1 0.9760738283164544 0.7874423029926876 1 0.9783504129112298 0.7971797134586602 1 0.9851181914622883 0.8045415864189763 0 0.9930046023742648 0.8007341956711098 1 0.9855177787611673 0.7940781437095804 1 
0 0.90078125 0.975 0.0671875 0.046875 0.8484375 0.9984375 0 0.858938647664656 0.9984375 0 0.869518509727157 0.9984375 0 0.8803803834662075 0.9984375 0 0.8913129023842294 0.993691707332623 1 0.9009445049647535 0.9864817691710751 1 0.9101450779013043 0.9787293221895272 1 0.9184913019056895 0.9700637857704055 1 0.9265809457816635 0.9611582460044836 1 0.933973722867286 0.9516662586717489 1 0.8433674534954537 0.9984375 0 0.8373288041534256 0.9984375 0 
0 0.7796875 0.44453125 0.04375 0.0453125 0.7704656493109991 0.448374612409582 1 0.7744156795760909 0.43884859975187157 1 0.7791482971061212 0.4296861771702368 1 0.7894209676324708 0.4287806958026389 1 0.797280473638422 0.4354572084846022 1 0.7984272866839908 0.4457057437989051 1 0.7941041311548321 0.4550683279785376 1 0.7860478907468951 0.46150607966212415 1 0.7759631683115366 0.4636615447283635 1 0.7659454256973369 0.4661095008484047 1 0.7725856260368611 0.4597663153395078 1 0.7635301456282935 0.45601139468549895 0 
0 0.5453125 0.3109375 0.04375 0.03125 0.5367540866767389 0.305125971272772 1 0.543826911440013 0.3018077931404205 1 0.5511930228583196 0.2992048027787225 0 0.5588913469504928 0.30053557789941976 1 0.5639812236282886 0.30646249207585513 1 0.5636745290792815 0.3142689698157587 1 0.560562383296966 0.32143484065464595 1 0.553261924599534 0.3242166492492641 0 0.5458056522504717 0.3218844488062041 0 0.5419509567551788 0.31508912108132076 1 0.5320781664474472 0.3121732243316173 1 0.5285620180224232 0.3046784182483064 1 
0 0.95625 0.4421875 0.05 0.05625 0.9484026687877194 0.425770082258971 1 0.9585325130949333 0.42841223684833674 1 0.9682433176434879 0.43232311930403255 1 0.975145442370463 0.440194294617528 1 0.9795073011822006 0.44971106477703937 1 0.9752031821483913 0.459254087668414 1 0.9672894572651229 0.46610738505247956 1 0.9569862580789369 0.4679617887550955 0 0.9468969805151992 0.46516872506008955 1 0.9406151951953052 0.4567941265767434 1 0.9387823077945365 0.42907878417250594 1 0.9415754038971762 0.4183702401801508 1 
0 0.58828125 0.6546875 0.0578125 0.08125 0.5711418947695038 0.6811572801590593 1 0.5761913742856619 0.6736318789826502 1 0.5810989425534367 0.6660131730592581 0 0.5858733094560933 0.6583102952250445 1 0.5908963608609905 0.6507672281542993 1 0.5967625607383292 0.643859507455754 1 0.6027794055760739 0.6370825992780889 0 0.60833812661673 0.6299251188106221 1 0.6123517483481552 0.6217998651624563 1 0.6164864282677316 0.6137355407510346 1 0.5712842578269111 0.6910738303271338 1 0.5637344428359314 0.6860079693512109 1 
0 0.27578125 0.553125 0.0515625 0.06875 0.2679764174775884 0.5275533838146258 1 0.2793526820494149 0.5267268588880165 1 0.2903055264283052 0.5299108405265174 1 0.29735770907205705 0.5388757308784216 1 0.2989710138429952 0.5501673112274502 1 0.29646556903627364 0.5612949922699213 1 0.29022412293893374 0.5708420802907003 1 0.2803254109006593 0.576509358212756 1 0.2703582550323165 0.5820553786741913 1 0.2598353582998735 0.586456649333994 1 0.25912836960848085 0.5339038846533757 1 0.25834001177748844 0.5230529508534307 1 
0 0.7015625 0.92578125 0.059375 0.0515625 0.7177201161849778 0.9184015806408024 1 0.7148642306888154 0.9299280520450445 0 0.708394246484138 0.939885708867371 1 0.6991736402519296 0.947368759429178 1 0.6873035173524648 0.947709064221387 1 0.6776841253252828 0.9407460963177279 1 0.6746896182888626 0.9292548582378328 1 0.6752895305459324 0.9173950213804465 1 0.684177775830879 0.9095200787930606 1 0.6960527493087358 0.9095451766056633 1 0.7155498388697026 0.9070546556723219 1 0.7265599587364656 0.9097826060168588 1 
0 0.97578125 0.78125 0.0421875 0.053125 0.9901636324680249 0.7927313878532056 0 0.991414431571496 0.7840712491936486 1 0.9913088306000958 0.7753218864491489 1 0.9891378218256406 0.7668454944748924 0 0.9829024529824185 0.7607068728552635 1 0.9747396906079148 0.7575553953577419 1 0.9665239300076724 0.7605660062192625 1 0.9595738006945869 0.7658818506988714 1 0.9560923455639285 0.7739094263088057 1 0.9562339421008673 0.7826582805435456 1 0.994327490999153 0.8024513504498806 0 0.985322353113598 0.8011507224996045 0 
0 0.95 0.0796875 0.0875 0.046875 0.9206955256076903 0.06735837406447084 1 0.9288506525334143 0.0713109442504806 1 0.9371597512092847 0.07492864869455085 1 0.9454083147792873 0.07868232759419383 1 0.953314816965413 0.08311133757733791 1 0.9612933568835892 0.08740922159439432 1 0.9693960720735761 0.09146815160117643 1 0.9774472242451114 0.0956284226212882 1 0.9857845770649784 0.09918052822318923 1 0.9935865782710579 0.10379113376154667 1 0.9111749433447921 0.06802301903168277 1 0.9148110662998302 0.060520800773590254 1 
