0 0.878125 0.20078125 0.059375 0.0703125 0.8875 0.221875 1 0.8763175492225264 0.21787894949864484 1 0.8661441992282061 0.21175370869578133 1 0.8566604182131643 0.2046071345053923 1 0.8525571141908481 0.19346359282868814 1 0.8520814894436037 0.1815981216581105 1 0.8595399871971215 0.17235764351784255 1 0.8704923870334383 0.1677684646342677 1 0.8815216258292681 0.17216977314249152 1 0.887575462007465 0.18238577493025346 1 0.9017626108149008 0.2206882362944973 1 0.8976404955419198 0.23222346367051508 1 
0 0.34375 0.13515625 0.04375 0.0484375 0.3453125 0.146875 1 0.3523989255170182 0.14122597533712644 1 0.3577386131994121 0.1339036367964353 1 0.3584211531244261 0.12486687601058058 1 0.35322443729754627 0.11744238607088393 1 0.34493677074088896 0.11377584965409156 1 0.33608605688022386 0.11572361001066285 1 0.32919858845932215 0.1216135747814473 1 0.32419323383946935 0.12916839651193954 1 0.3217911090654493 0.13790674319881568 1 0.3422944232847186 0.1559800806703419 1 0.3369996173749691 0.1493380052775569 1 
0 0.89765625 0.07578125 0.0484375 0.0984375 0.9 0.0453125 1 0.9073621533300903 0.05482825929218151 1 0.9133724647036339 0.06525069344911216 1 0.9174793743074297 0.0765592862027995 1 0.9166944619328484 0.08856490526750123 1 0.9111647061745254 0.09925007151870165 1 0.9035290081595297 0.10854776437157061 1 0.8955185962505592 0.1175246389730743 1 0.8852937791991579 0.12386530871907708 1 0.8732723521173489 0.12435138225183448 1 0.8892407188745594 0.039500031716196135 1 0.8983307075408842 0.032467288634385215 1 
0 0.95859375 0.89296875 0.0703125 0.0640625 0.9765625 0.9171875 1 0.9665890732689014 0.9179160322500804 1 0.956592495131819 0.9181776150270453 1 0.9473911304186536 0.9142616365522171 1 0.9394590150936855 0.9081721746325229 1 0.9353893227640324 0.8990377559678262 1 0.9297769523615284 0.8907612048464293 1 0.9279480338188282 0.880929874470322 1 0.926447751880568 0.8710430572824839 1 0.9246631207273228 0.8612035912580055 1 0.9868674344793507 0.9124745692999502 1 0.9875590288826472 0.9219423260233579 1 
0 0.15625 0.84453125 0.028125 0.0390625 0.159375 0.8390625 1 0.16382946106178378 0.8462283344175017 1 0.1658112483789751 0.8544297931462536 1 0.16121565596664594 0.8615059458177088 1 0.1529349457900558 0.8598869198076287 1 0.1471379534078661 0.8537561543113114 1 0.14472596670073928 0.8456707522573227 1 0.1472121311510416 0.8376078500145783 1 0.15051200727156283 0.8298423993618979 1 0.15880415086395738 0.8282829889306418 1 0.1528953242268884 0.8352545238930326 1 0.15992451793696036 0.830885002096551 1 
0 0.4421875 0.1921875 0.04375 0.090625 0.4421875 0.21875 1 0.4368415764812232 0.2084975608764846 1 0.43215331280819874 0.19792819050818927 1 0.4269494444512131 0.18760292245485702 1 0.42378894714031146 0.1764807525677449 1 0.42533290937050855 0.16502180030840963 1 0.4308239957682384 0.15484637027215728 1 0.4413210178960143 0.14999828480478136 1 0.45286888638416506 0.1494167870572581 1 0.46362271023659796 0.15366492533194323 1 0.45302066353616405 0.225203731941194 1 0.44213742756543867 0.23087857150233346 1 
0 0.69921875 0.17734375 0.0828125 0.0609375 0.7234375 0.1546875 1 0.71302355405122 0.1536177073385993 1 0.7025550826466473 0.15369408151058764 1 0.6923987201279994 0.15623239334176622 1 0.6836006925799809 0.16190596697985435 1 0.6756345779315918 0.16869829676949344 1 0.6704265150508016 0.1777796407004453 1 0.6668170541234801 0.18760646716561905 1 0.6630938027297755 0.19739074668031895 1 0.6590859753427896 0.20706194341074613 1 0.7325882232758387 0.15101197467775418 1 0.7315606061217679 0.16101536120736532 1 
0 0.99140625 0.67734375 0.0140625 0.0171875 0.9984375 0.703125 0 0.9984375 0.6963048585782177 0 0.9984375 0.6885192068751294 0 0.9984375 0.6800303058934698 0 0.9984375 0.6733584162495159 0 0.9984375 0.669591393920198 0 0.9984375 0.6700338443322866 0 0.9928998520628538 0.6722586278258829 1 0.9862669126015975 0.677722752016072 1 0.9837972833350707 0.6859540016386028 1 0.9984375 0.7129288443447506 0 0.9984375 0.7074300147540964 0 
0 0.984375 0.003125 0.025 0.00625 0.9751035509823678 0.0 0 0.9832471179165603 0.0 0 0.9915013609783007 0.0 0 0.9960876262643626 0.0 0 0.9924016997860144 0.0012014749567326398 1 0.9846896703339774 0.004218709335002013 1 0.9771008761801309 0.0009036972908240016 1 0.971799960422091 0.0 0 0.9714620513303955 0.0 0 0.9746329314266104 0.0 0 0.9686121926106666 0.0 0 0.9669577556453733 0.0 0 
0 0.35703125 0.1484375 0.0390625 0.046875 0.34854213539789536 0.15218421149178568 1 0.3510354100843232 0.14233875592078654 0 0.3548629705126329 0.132931354832806 0 0.36493098827200976 0.1315955283248447 0 0.37226625271229674 0.13862000764032148 1 0.3735984078213524 0.1486885118404456 1 0.372549525803055 0.15879045524625582 1 0.36479815094838136 0.1653528939640522 1 0.35614122811273896 0.1706639297462922 1 0.34598497907700027 0.17066835541651654 1 0.35229550586814784 0.16218261182517926 1 0.3425003541146599 0.15970207613634546 1 
0 0.17265625 0.87109375 0.0515625 0.0671875 0.15531917016449215 0.890411123448055 1 0.1530823846555674 0.8805042468136376 1 0.15149800587436488 0.8704723398194428 1 0.15143442611300817 0.8603162888311676 0 0.15510898928353653 0.8508480788858666 1 0.16193440616709515 0.8433272346228777 0 0.17114702233970808 0.8390520600862523 1 0.1812571461145893 0.8400189164970401 1 0.19075129042818556 0.8436259426703728 1 0.19830693439599678 0.8504128166410737 1 0.16319210979186877 0.8983921473867372 1 0.15418050226158303 0.9004267980520975 1 
0 0.92109375 0.86640625 0.0609375 0.0765625 0.9057904075910072 0.8490504737505178 1 0.9140563049265473 0.84119060859259 1 0.9247647517096522 0.8372622875064375 1 0.935526418850281 0.841042374729877 1 0.9439656073048536 0.8487158770131054 1 0.9475524430546536 0.8595434874773978 1 0.9482973457152191 0.8709253879816539 1 0.9465487679375594 0.8821968126838808 1 0.9440656989176219 0.8933295081034422 1 0.9422946774873807 0.904597428149135 1 0.9047958285551964 0.85982877661013 1 0.8970185829448567 0.8516497668591159 1 
0 0.88203125 0.04609375 0.0453125 0.0359375 0.8896211015980452 0.03961946788473929 0 0.8816571713745205 0.03563235057303025 0 0.8729541059385386 0.033740805945082705 1 0.8651071487855312 0.03795347166898762 1 0.8619309509890887 0.046274112066239145 1 0.8646164917489457 0.054765823312486625 1 0.8711762387527908 0.060790025193901774 1 0.8798593974800808 0.06277094507597433 1 0.8883171356101661 0.0599802543397228 1 0.8957590951672618 0.05508755293732219 1 0.9000726106997717 0.04170533863149615 0 0.8967098871796436 0.048422094969880994 0 
