0 0.66640625 0.05390625 0.0671875 0.0578125 0.6921875 0.065625 1 0.694264053476913 0.05568330297584863 1 0.6946334567739224 0.045533773170647864 1 0.6890046155873442 0.0370800425764793 1 0.6802241673370786 0.03197581466357148 1 0.6707543248191526 0.02830546090021522 1 0.6607093634629441 0.029804849247100584 1 0.6505708554025716 0.03040490622128168 1 0.6407302938566481 0.03291742737012621 1 0.6317223660318376 0.03760855200772702 1 0.6956632681399414 0.07762685383867848 1 0.6855819304881614 0.07552113318536531 1 
0 0.68984375 0.21796875 0.0703125 0.0671875 0.6671875 0.2046875 1 0.6631666281713671 0.2155283484902108 1 0.6630747787180987 0.22709048367052825 1 0.6680296822072127 0.23753750897266887 1 0.6758598222095582 0.24604517103657747 1 0.6869487917457359 0.24932025284864312 1 0.6982266010028259 0.24677026763090262 1 0.7093872059589506 0.24374829753453736 1 0.7172444154617482 0.23526562902285156 1 0.7237657970885809 0.2257176979418682 1 0.6657790808660305 0.19352858859000724 1 0.677659827640116 0.19793515879991083 1 
0 0.9234375 0.5546875 0.040625 0.0375 0.93125 0.559375 1 0.9250369842957324 0.5646108438535277 1 0.9179283126393667 0.5685456135141281 1 0.9100846599946564 0.5664260054868906 1 0.9059193858559723 0.5594498950842659 1 0.9081656374979552 0.551641567570586 1 0.9114844761865177 0.5442253060622989 1 0.9180847912591629 0.5394870082728166 1 0.9261402636553715 0.538426353063089 1 0.9342558474549151 0.5380352973220678 1 0.9346409743379438 0.5514910844338387 1 0.9401656699468732 0.5580468606448598 1 
0 0.0421875 0.4328125 0.078125 0.03125 0.0671875 0.425 1 0.05921878304951385 0.4250229505018418 1 0.05127686219858427 0.4243695977945926 1 0.043308137161525796 0.424349651710833 1 0.035357338600098355 0.424884234537066 1 0.0276691082862069 0.42697996620000866 1 0.020986310402984033 0.4313206100479293 1 0.014974290914502243 0.43655096359550283 1 0.009267485611438841 0.442112739372665 1 0.00485361269347131 0.44874739855204504 1 0.07557710384422518 0.4206809541423027 1 0.0756019983364348 0.4293246501892057 1 
0 0.6546875 0.775 0.1 0.03125 0.6875 0.771875 1 0.6785153894003637 0.7754977653281578 1 0.670062098233168 0.7802295223688998 1 0.6610868471071283 0.7838754136830401 1 0.6517949309191489 0.7866154775154288 1 0.6421166378743002 0.7870377333478739 1 0.6324503271409414 0.7876781184321417 1 0.6228607731250155 0.7863040332726119 1 0.6131790818955586 0.7866394601460969 1 0.6040003796068906 0.7897376984432587 1 0.6949418722517159 0.7643315261601148 1 0.6985474753921835 0.7732735738114325 1 
0 0.80703125 0.01875 0.0078125 0.0375 0.809375 0.0 0 0.808579803505397 0.0 0 0.8086839522200318 0.0 0 0.8078721423242154 0.0 0 0.807651312597905 0.0 0 0.8069998814296172 0.0018856645651090353 1 0.8060284394100924 0.010895947948704788 1 0.8053343183894954 0.01993182655893222 1 0.8057700385556608 0.02898384590197369 1 0.8037439082313236 0.03781694853688069 1 0.8062131876041059 0.0 0 0.8155921635412579 0.0 0 
0 0.475 0.0140625 0.025 0.028125 0.471875 0.005344322314764493 1 0.4677419033654885 0.0 0 0.4635970183648267 0.0 0 0.45934129551411773 0.0 0 0.4525273567642774 0.0 0 0.4438779569954546 0.0 0 0.43359803754596377 0.0 0 0.4225543150287344 0.0 0 0.41091575913647366 0.0 0 0.4008270376608304 0.0 0 0.48283911819944353 0.016468733262812396 1 0.47149991440230493 0.020678561711519428 1 
0 0.9875 0.19921875 0.021875 0.0515625 0.9903835286187219 0.1921875 1 0.9940870796785577 0.2021461311583063 1 0.9974002574544206 0.21224135171189137 1 0.9984375 0.22192875083946378 0 0.9984375 0.2315663763420756 0 0.9984375 0.23955888418993676 0 0.9984375 0.24580275592374265 0 0.9984375 0.25046722097677754 0 0.9984375 0.2567812899554608 0 0.9984375 0.263470284411749 0 0.981683843231186 0.1835261562177173 1 0.991520607480826 0.1798679266796424 1 
0 0.66875 0.00703125 0.028125 0.0140625 0.6796875 0.0 0 0.6785074469256063 0.0 0 0.6754606606404663 0.006783136844801518 1 0.6667545256738052 0.008660502819985871 1 0.6599729269015917 0.0028871842634525134 1 0.6567225443558933 0.0 0 0.661926488219918 0.0 0 0.6705635899682367 0.0 0 0.6787253790300618 0.0 0 0.6839736838324006 0.0 0 0.676758600236893 0.0 0 0.6854376998519255 0.0 0 
0 0.66640625 0.790625 0.0828125 0.034375 0.6384430938619386 0.7827359972801036 1 0.6463162228599781 0.7853036696390173 0 0.6538567518699546 0.7887270486440653 0 0.6614454806282967 0.7920422103889597 1 0.668644308602648 0.7961356169602885 1 0.6759021702183163 0.8001234166456171 1 0.6833505310012391 0.803742950208097 1 0.6914468235995356 0.8054833948999128 1 0.6997158664574489 0.8059328743504933 1 0.7079894899067297 0.8055775483283542 1 0.6307340426253114 0.7854377362398595 0 0.6334545943512702 0.7770958406666354 1 
