0 0.86171875 0.20234375 0.0453125 0.0359375 0.8671875 0.209375 1 0.8568752728563197 0.2094500172456352 1 0.846801507300834 0.2072439112229993 1 0.8429759834753445 0.19766721953376692 1 0.8495786450883811 0.18974557097593914 1 0.8596316074323072 0.18744652674809026 1 0.8684329736968008 0.1928208739761948 1 0.8722054070158867 0.20241860303587605 1 0.8691316971425633 0.21226238096229405 1 0.8632035937655432 0.2207007010914052 1 0.8773630861883903 0.2037026802084198 1 0.8774456900824663 0.2150578041062678 1 
0 0.58203125 0.21484375 0.0640625 0.0515625 0.6 0.2125 1 0.5940773544498077 0.20386767723904584 1 0.5862390686378853 0.19692822466026727 1 0.5764874154218596 0.19312033993027947 1 0.5660891766872098 0.19433333530526162 1 0.5585937802324439 0.20164180700243492 1 0.5537324888870145 0.21091340735066785 1 0.5535734303095217 0.2213809489403357 1 0.5567192261895096 0.2313658723173051 1 0.5634038661542079 0.23942256612462195 1 0.6099956286259858 0.21799248355314083 1 0.6012796753135786 0.22397250811094666 1 
0 0.73671875 0.40390625 0.1109375 0.0265625 0.775 0.40625 1 0.7644008034003295 0.40550996186481125 1 0.7537771458832225 0.40534106556758276 1 0.7432853211885392 0.4036640922296815 1 0.7327068989024389 0.4026703080796075 1 0.7221280526012834 0.4016810477819461 1 0.7117089947111956 0.39959925584157363 1 0.7013326463256702 0.39731408206651797 1 0.6910226208697676 0.3947462035455127 1 0.6805888232598928 0.3927395913666972 1 0.7870598167058975 0.4025388164159519 1 0.7863160806454141 0.4131909765526972 1 
0 0.4859375 0.621875 0.0625 0.040625 0.5078125 0.628125 1 0.505616543374867 0.6188501684078344 1 0.501718911553254 0.6101522840245115 1 0.49341520062885474 0.6054732764965722 1 0.4839196945712832 0.6046486000308464 1 0.4749986166664651 0.6080040576119622 1 0.46731492042085615 0.613643697544415 1 0.4610870660368039 0.620858859104182 1 0.4574103552221069 0.6296524092488955 1 0.4550550986275212 0.638888073433791 1 0.5153462474970238 0.634978711677628 1 0.5058662720657191 0.6372232392086785 1 
0 0.26953125 0.34375 0.0328125 0.03125 0.2734375 0.35 1 0.26595829883130157 0.347249995192615 1 0.2589027460003321 0.3435459229994878 1 0.2584319790380473 0.3355910908183716 1 0.265157970030683 0.33131768214033896 1 0.27309251349862973 0.332055243336284 1 0.27890447523213757 0.3375070391294828 1 0.27964097605124544 0.3454416810940552 1 0.2745308154633104 0.3515561913220306 1 0.26827129933547367 0.3564876651795961 1 0.2818572767678436 0.3490815800071204 1 0.2790933205746727 0.35659872482617005 1 
0 0.45703125 0.159375 0.0671875 0.053125 0.434375 0.1703125 1 0.4370888467338173 0.16068779034695854 1 0.4393058291052401 0.15093663712465705 1 0.4450963585622918 0.14278373772585323 1 0.45402349740583736 0.1382774984880786 1 0.4638169484341197 0.1362555397949706 1 0.4738130400819041 0.1359759834158705 1 0.48221476553172005 0.14139917523120527 1 0.4880651226216134 0.14950925056505604 1 0.48789412015464934 0.15950778836596932 1 0.4380413677823781 0.1810359758833576 1 0.4284656468293505 0.17833594232711336 1 
0 0.490625 0.93671875 0.075 0.0578125 0.465625 0.91875 1 0.47273122160145464 0.923582613538606 1 0.47970705920626866 0.9286016003660208 1 0.4861311536739324 0.9343098005493564 1 0.49341940566984094 0.9388632521969129 1 0.5003396982015565 0.9439585530062843 1 0.5068884964400392 0.949523243536237 1 0.5147104853771929 0.9530826013616803 1 0.5208361963482717 0.9591098896542132 1 0.5279034993739253 0.963999242065943 1 0.4590129944366371 0.9191288691587551 1 0.4639536958413415 0.9118637074056029 1 
0 0.159375 0.13671875 0.015625 0.0921875 0.159375 0.1046875 1 0.15942367914097333 0.1134373645898799 1 0.1617110073499686 0.1218831108366206 1 0.16265576040795 0.13058195798204367 1 0.1628849955654513 0.13932895468048623 1 0.16225226435543935 0.14805604762234703 1 0.16053032062936537 0.15663494089620436 1 0.15932471997187986 0.1653014873280116 1 0.1593560225015223 0.17405143133649745 1 0.15907922785817483 0.18279705222500012 1 0.1549689566283019 0.09805689315428456 1 0.1637939209526408 0.0980077962022099 1 
0 0.12109375 0.95390625 0.1140625 0.0359375 0.1609375 0.9515625 1 0.15193376924572638 0.9590632955622752 1 0.14129840681825787 0.963984491311165 1 0.13007529422502975 0.9673565597093777 1 0.11848119006297682 0.9656519042480112 1 0.10787080620804716 0.9606770820387711 1 0.09776061799152803 0.9547514431880598 1 0.0864933291559438 0.9515300608981075 1 0.07521214523319343 0.9483576815286785 1 0.06349498181940967 0.9481648523369379 1 0.16480743503526046 0.9422794805091683 1 0.1723012728794012 0.9512748594265966 1 
0 0.86171875 0.1015625 0.0359375 0.1125 0.8640625 0.1390625 1 0.857768946666288 0.12899240509301307 1 0.8517232872130626 0.11877156233051914 1 0.8482549809169295 0.10741434099622241 1 0.8476683326349781 0.09555384063606545 1 0.851937421816524 0.0844727530287948 1 0.858781628418274 0.07476850339306498 1 0.8655335960867528 0.06499985161281321 1 0.8730264584409527 0.05578721687887226 1 0.8784163255074254 0.04520586734274251 1 0.8766001581125451 0.1465226919102349 1 0.866678655334284 0.15272337894072482 1 
0 0.22265625 0.00859375 0.0171875 0.0171875 0.225 0.001001715124917668 1 0.22822528094883804 0.0 0 0.23005371915722694 0.0 0 0.23212174779034203 0.0 0 0.23027420590296827 0.0 0 0.22743643289191923 0.0 0 0.22442621077653446 0.0 0 0.22200924551581985 0.0 0 0.222061641055627 0.0 0 0.2274828570710997 0.0 0 0.22736071204045888 0.010683961709753432 1 0.21808787771533691 0.007349407049975798 1 
0 0.3859375 0.97734375 0.040625 0.0421875 0.3984375 0.991231720913888 1 0.3995132633840686 0.9805042755188278 1 0.3997710699272584 0.9697261083579054 1 0.391810791117078 0.9624549796403888 1 0.381237116892874 0.9603495663881025 1 0.3726674616942139 0.9668914591828965 1 0.36866990324655535 0.9769041949738806 1 0.37264732600620454 0.9869249464304095 1 0.3775625516088643 0.9965205656828319 1 0.3874298059853601 0.9984375 0 0.4035978311911352 0.9984375 0 0.393356215763634 0.9984375 0 
0 0.4890625 0.97890625 0.021875 0.0390625 0.4890625 0.9753835349867261 1 0.4859029037534349 0.9855278721537711 1 0.48254074316039325 0.9956068850591404 1 0.4822234183555246 0.9984375 0 0.48401419534702617 0.9984375 0 0.48799796193833905 0.9984375 0 0.49662368888485287 0.9984375 0 0.506953314571164 0.9984375 0 0.5172075474921418 0.9984375 0 0.5234057050036041 0.9984375 0 0.4880644039778736 0.9668536955939366 1 0.4981678980296138 0.9700005706787648 1 
0 0.58828125 0.003125 0.0234375 0.00625 0.5953125 0.0 0 0.5885638255470329 0.0 0 0.5810161530005734 0.0 0 0.5732699357723758 0.0 0 0.572976629949383 0.0 0 0.5768517782713329 0.0 0 0.5849714226730056 0.0011858481169303215 1 0.5937885281077898 0.002442805082939081 1 0.5999393367791698 0.0 0 0.5974858018170902 0.0 0 0.6051020343915825 0.0 0 0.5992798508509131 0.0 0 
0 0.49765625 0.97421875 0.0515625 0.0484375 0.4940717412593337 0.9984375 0 0.48539211809800326 0.9984375 0 0.479006202725638 0.9946581990749402 0 0.47763376503457405 0.9845951066652162 1 0.480963532182826 0.9750002088126635 1 0.48694372239009764 0.9667912661799395 0 0.495547723991813 0.961394918294547 0 0.5050116145271311 0.9577092446793151 1 0.5146271716192163 0.9544396153621981 0 0.5241298356407017 0.9508550943959788 1 0.5058762085626062 0.9984375 0 0.5004518561000729 0.9984375 0 
0 0.67265625 0.4078125 0.0984375 0.025 0.7051889588527392 0.40862715774364816 1 0.6957668914224129 0.40577688417767516 1 0.6865227459671596 0.40239381029958465 1 0.6769330536989007 0.4001718255420771 1 0.6671032668028245 0.3996477037621172 1 0.6573929556583382 0.4012630277357415 1 0.6482589605564739 0.4049331159556101 1 0.6394643848914681 0.40935520289900984 1 0.6307456738775815 0.41392504888315784 1 0.6225606545427799 0.41939358365505275 1 0.713956017110019 0.4072755865343026 1 0.7112091356360551 0.41635587369683213 1 
0 0.1875 0.1203125 0.090625 0.03125 0.15748343964804212 0.11934885919061781 0 0.16579373378072917 0.11437023812869443 1 0.17502731327727258 0.11143959554881322 1 0.18442472712895783 0.10908666776620828 1 0.19409363499263815 0.1084867702969184 1 0.2034941230217393 0.11082738582808246 1 0.21203199765869898 0.11540475984967617 1 0.21911658463168368 0.12201205004098874 1 0.22580846870028778 0.1290167872853372 1 0.23272420792624104 0.13580060680008044 1 0.15262894347510175 0.12842427875420043 1 0.14755171036175266 0.11994938178426533 1 
0 0.56171875 0.94453125 0.0421875 0.0515625 0.5646076758039666 0.9371381692120888 1 0.5611262494470214 0.9478359339562383 1 0.5595900936275897 0.9589805615991175 1 0.567542054049897 0.966938502629438 1 0.577978745280651 0.9627387435704081 1 0.5789374850256512 0.9515296705444458 1 0.5708224340122336 0.9437381079893719 1 0.559751773536692 0.9457388520098007 1 0.5501988074673008 0.951680513332786 1 0.541042315573784 0.9582166556357017 1 0.5629622037229722 0.9261989749828231 1 0.5732830251452918 0.9295577308149365 1 
0 0.4796875 0.60234375 0.059375 0.0671875 0.46679174662362344 0.6278367037176342 1 0.4770034960404619 0.6292746988837246 1 0.4872633931005253 0.628234425570166 1 0.49687588129753735 0.6244997600011619 1 0.5038156299395617 0.6168716838980071 0 0.5072801832515182 0.6071585728310723 1 0.5074165642316775 0.5968469746776215 1 0.504690607317319 0.5869012813809699 1 0.5002297667480708 0.577603509730421 1 0.4987906821213099 0.567391913788208 1 0.45744425017323265 0.6325592509002453 0 0.45881158145115586 0.62284931257137 0 
0 0.89375 0.1328125 0.05 0.04375 0.8930630207281938 0.12463743030498478 1 0.9027597820707616 0.12898063700801923 1 0.9115527736524782 0.13494502499371058 1 0.9117173145168632 0.14556875086102977 1 0.9029644597240212 0.1515918860890835 1 0.8925868196741744 0.14931258532002809 1 0.8837575603804539 0.14340201806093597 1 0.8754869514077669 0.13673211159825552 1 0.870437943122606 0.1273834143448208 1 0.8714427972734822 0.11680603786785512 1 0.8840344339404961 0.12694622179002607 1 0.8885360436461965 0.1168958055979837 1 
0 0.42265625 0.2 0.0359375 0.034375 0.4239236149703336 0.20677530416891088 1 0.4161952401171797 0.20338950612721698 1 0.40916714006086413 0.19872075727464228 1 0.41014555733341185 0.19034017818422258 1 0.4169585629450948 0.1853627932498241 1 0.4253154971191323 0.1865260032312132 1 0.43221380478798077 0.1913844759908268 1 0.43618690388760906 0.19882798926041478 1 0.4367304479853849 0.20724796349219082 1 0.43445074252432303 0.21537165411042616 1 0.43278059091502497 0.20575037960036377 1 0.4291639682305416 0.21400563152735813 1 
0 0.4265625 0.98359375 0.065625 0.0296875 0.44377083266083844 0.981795962815168 1 0.4346425031208912 0.977343658482283 1 0.4251354244904901 0.9737708626613788 1 0.41514396395517866 0.9719487401534737 1 0.405373026886509 0.9747196971835622 1 0.39834160495826904 0.9820483068559056 0 0.3958023988563747 0.9918820165544174 0 0.39730100829819864 0.9984375 0 0.40223561331384766 0.9984375 0 0.4076597509696752 0.9984375 0 0.453894238855087 0.9816727304871942 1 0.44939338835077197 0.9909005917342272 1 
