0 0.15390625 0.915625 0.0734375 0.075 0.1765625 0.91875 1 0.17673643216551585 0.9031259681067338 1 0.17401132161801725 0.8877404425224741 1 0.1595509112879677 0.8818212231409511 1 0.14472496960234588 0.8867539787739155 1 0.1319070195570901 0.8956893456738992 1 0.12124953356643417 0.9071155706567609 1 0.12046917813188193 0.9227210719430305 1 0.12063001077712898 0.9383452441726311 1 0.12323888148517706 0.953750906074305 1 0.18467322883371134 0.9317132005850295 1 0.16851303804207407 0.9315332997118911 1 
0 0.86015625 0.71796875 0.0734375 0.0671875 0.846875 0.721875 1 0.8589449279462213 0.7322827252857204 1 0.8737082929660873 0.7382866373054121 1 0.888350065728148 0.7319920049385318 1 0.894313668874819 0.7172123113098053 1 0.8893061743620562 0.702081914588151 1 0.8771157708524928 0.6918155633120633 1 0.8622396349734899 0.6860967795637966 1 0.8464468697073215 0.6882397848129049 1 0.8318521512860391 0.6946427607189568 1 0.8323965542952146 0.7199800684286686 1 0.8428153529016302 0.7078972986578169 1 
0 0.815625 0.540625 0.046875 0.065625 0.8046875 0.5328125 1 0.8012493797898701 0.5470919252570157 1 0.8008761600574568 0.5617746826030096 1 0.8134081678604044 0.5694344108408036 1 0.8271116273860754 0.5641487837939626 1 0.8360335147501002 0.5524816255232587 1 0.835835454851025 0.5377954609958412 1 0.8282095891606176 0.5252428186954381 1 0.8184633338738975 0.5142549542925579 1 0.80484573533783 0.5087518945654158 1 0.8021075007454674 0.5194002194187929 1 0.8155500888766098 0.5226368506625768 1 
0 0.19453125 0.19453125 0.0640625 0.0421875 0.1859375 0.184375 1 0.20010532624772695 0.18194326719925497 1 0.21444381101082355 0.18296722017593223 1 0.22191990090962235 0.19524519659002743 1 0.2159952376416617 0.20834248601041047 1 0.2020035417807214 0.2116399201545514 1 0.1876620378696378 0.21065915995533163 1 0.17658405711423394 0.20149843032375198 1 0.17312103904298987 0.1875467949057002 1 0.17232497515996087 0.1731938541863167 1 0.1708673685822736 0.19469206233224062 1 0.16852683050791156 0.18105555722214312 1 
0 0.61640625 0.62421875 0.0640625 0.0640625 0.6 0.634375 1 0.5954349670138006 0.619922581935973 1 0.5928273017887602 0.6049923442909584 1 0.6044201609662124 0.5952292745813711 1 0.6195601239154188 0.5959317245505205 1 0.6337434859098915 0.6012743977200347 1 0.6421086017186399 0.6139130982690914 1 0.6464920177739795 0.6284216329210917 1 0.6434968255773645 0.6432789791769961 1 0.6355697095388937 0.6561969025927435 1 0.6104504121756135 0.6453672144241693 1 0.5973090406724222 0.6495181318782727 1 
0 0.396875 0.89453125 0.084375 0.0984375 0.3921875 0.921875 1 0.378847562387067 0.9125955299460016 1 0.3679418978903561 0.9005485808764163 1 0.3629013737790955 0.8851000982103484 1 0.36573669099369743 0.8690993645930238 1 0.3766793946532142 0.8570860496208773 1 0.39179754526795496 0.8511275244686258 1 0.40782559182171274 0.8484509177230292 1 0.423924148084447 0.8506642830917788 1 0.43997987819318024 0.8531694838173725 1 0.40937249865595077 0.9244932810821576 1 0.4010012110360659 0.9365276379947124 1 
0 0.01640625 0.31484375 0.0328125 0.0453125 0.0 0.3125 0 0.005872409777391741 0.30592082895346684 1 0.018670448629442404 0.3023709271092038 1 0.029493857676624956 0.3100680316401211 1 0.028421835307596722 0.32330594573573307 1 0.01761208821187916 0.3310222252335951 1 0.005062874871659529 0.3353706555370671 1 0.0 0.3293208791485509 0 0.0 0.31791574814155 0 0.0 0.30567282817540103 0 0.0 0.3259756916882875 0 0.0 0.31384096958210045 0 
0 0.01328125 0.97734375 0.0265625 0.0421875 0.021875 0.9984375 0 0.021342146669119533 0.9984375 0 0.020544726839291295 0.9984375 0 0.02245473628924053 0.9984375 0 0.02296673546483292 0.9984375 0 0.020396020238810663 0.985110197869737 1 0.01606161183474597 0.9710768247885146 1 0.005498983938651736 0.9608712602191902 1 0.0 0.9547424261610118 0 0.0 0.9576588149830803 0 0.030391202289886586 0.9984375 0 0.01634566354216771 0.9984375 0 
0 0.86171875 0.02109375 0.1015625 0.0421875 0.8046875 0.0 0 0.817977687020125 0.0 0 0.8302279710474373 0.003865223816468055 1 0.8435869084194734 0.0122668096103834 1 0.8544190642186411 0.023743405460419132 1 0.8664288062220283 0.03398127382129277 1 0.8816743218551515 0.03805829536191461 1 0.8974496050673748 0.03849222062811521 1 0.909397086853655 0.028181763289616413 1 0.9138408247674278 0.013039073802071699 1 0.7878410277076366 0.0 0 0.7961107116202132 0.0 0 
0 0.97890625 0.92109375 0.0390625 0.0484375 0.9984375 0.9203125 0 0.9890734687629801 0.9285887259424849 1 0.975849031523019 0.9346113073033994 1 0.9631970616785459 0.9274639381638459 1 0.9651865467156628 0.9130695234188975 1 0.9725961934036114 0.9005693489192245 1 0.987049779495581 0.8990689904138913 1 0.9984375 0.9056644334279096 0 0.9984375 0.919459944915047 0 0.9984375 0.9339567609095413 0 0.9984375 0.9084143527388975 0 0.9984375 0.9210672352920204 0 
0 0.98046875 0.94609375 0.0359375 0.0578125 0.9984375 0.9479021687420485 0 0.9984375 0.9579256985118194 0 0.9896414715918576 0.9659104720141173 1 0.9769091165402068 0.9644796362133686 1 0.9680681713335917 0.9552061339567436 1 0.9645994980127968 0.9428720972435014 1 0.9688406851501707 0.9307819157760555 0 0.979784061145744 0.9241183823237865 0 0.9914785183432422 0.9188838979073533 0 0.9984375 0.9197305822876178 0 0.9984375 0.9368550367688175 0 0.9984375 0.944447292646052 0 
0 0.125 0.96328125 0.0625 0.0546875 0.115740312242231 0.9638824616603013 1 0.12643369549311173 0.9732539293261626 1 0.1399667307038795 0.9776162463190712 1 0.1524916777514886 0.9708858263457643 1 0.15342557856110836 0.9566977792341886 1 0.14629431188923667 0.9443966456597105 1 0.13343904553280253 0.9383208758757545 1 0.1194318665700386 0.9407646003012173 0 0.10526198925471086 0.9419424918204417 1 0.09625957796602677 0.9529483740000705 1 0.10226472293768125 0.9620244867332293 1 0.11200905979504398 0.9509056383034314 1 
0 0.18671875 0.19609375 0.0890625 0.1140625 0.15962587575705145 0.23129492647764152 1 0.1638396408309139 0.21657362082385193 1 0.1661041720568225 0.201429494748806 1 0.16999901251757954 0.18662061653216683 0 0.17659609413767446 0.17280210827882034 1 0.18128926453035743 0.15822655312935024 1 0.1915373581408671 0.1468489772188045 1 0.20537334390259582 0.14028863010518006 1 0.22067656620473342 0.14082158734676553 1 0.2304974763572824 0.15256987998976518 1 0.16511706383478844 0.24613964465172655 1 0.1500900269280961 0.24183836834035793 1 
0 0.85703125 0.00546875 0.0796875 0.0109375 0.8108172840433744 0.0 0 0.8214108607328019 0.0 0 0.8330734253791183 0.0009378951797208046 0 0.8463897957079947 0.004363793786541925 1 0.8598108620577719 0.00735335529868344 1 0.8732273856546314 0.004343472481211563 1 0.8865328761718251 0.0008755592618723718 1 0.8991214124230436 0.0 0 0.9121056408594821 0.0 0 0.9258555305228169 0.0 0 0.7973903499119072 0.0 0 0.8063216928163446 0.0 0 
0 0.85390625 0.5234375 0.1109375 0.06875 0.8216750529556819 0.5480916528597475 1 0.8359468899397797 0.5498107497445509 0 0.8501744647648553 0.5518642198799257 1 0.864546254716308 0.5521679937947442 1 0.8785270289427587 0.5488245558890832 1 0.8906922256184533 0.5411663175249641 1 0.8995409206522481 0.5298375390736528 1 0.9050065967183715 0.5165421635565715 1 0.9068821051399022 0.5022900376393349 1 0.9041936773648394 0.48816867151922205 1 0.8072920299095427 0.554255587418203 1 0.8088413059684013 0.5413935925237598 0 
0 0.0390625 0.37578125 0.078125 0.0984375 0.0 0.33629246751287517 1 0.01430350216187366 0.3424256004704215 1 0.029256718203927078 0.3487867190827157 1 0.04449162395246329 0.3544400496792064 1 0.0591741132225605 0.36140331104393203 1 0.06939932829432327 0.3740329379875989 1 0.0762143967043265 0.38878479694052326 1 0.07408887549091978 0.40489518674249136 1 0.06417780540160556 0.4177728103464293 1 0.04967942318402614 0.42511170761188943 1 0.0 0.33797865028622925 0 0.0 0.32347629939697714 0 
0 0.91875 0.72265625 0.075 0.0765625 0.8944042115325251 0.7037672291797539 1 0.8970973200206187 0.7161336284428319 1 0.8997663751863965 0.7285052414574932 1 0.9061485984383821 0.7394344633156271 1 0.9146121358520327 0.7488445216847467 1 0.9249641088205054 0.7561258210002885 1 0.9375758450270888 0.7550652674099145 1 0.9486180153682634 0.7488805169526217 1 0.955317072450871 0.7381425796150105 1 0.9519971483839977 0.7259295223297647 1 0.8865323145026673 0.6956408287782894 0 0.8983970372088091 0.6930569735469458 1 
0 0.38984375 0.834375 0.0546875 0.075 0.38544982566073577 0.8179897425077007 1 0.3771495876707076 0.8285572614009364 1 0.3714293781274655 0.8407164393760876 1 0.3739539119609561 0.8539146640738855 1 0.38240932442182235 0.8643584376431768 1 0.39552603491976307 0.867277052376781 1 0.4077253380330115 0.8616429233579275 1 0.4155008685587439 0.8506835651972777 0 0.4153591015807985 0.8372468130460335 1 0.4109297432555129 0.8245603166393725 1 0.38852705012246325 0.8049059378237613 1 0.3985782437632286 0.8128006291079768 1 
